5e-01,0e+00,0e+00,0e+00,0e+00,0e+00,0e+00,0e+00,0e+00,0e+00,0e+00,0e+00,0e+00,0e+00,0e+00,0e+00,0e+00,0e+00,0e+00,0e+00,0e+00,0e+00,0e+00,0e+00,0e+00,0e+00,0e+00,0e+00,0e+00,0e+00,0e+00,0e+00,0e+00,0e+00,0e+00,0e+00
0e+00,5e-01,0e+00,0e+00,0e+00,0e+00,0e+00,0e+00,0e+00,0e+00,0e+00,0e+00,0e+00,0e+00,0e+00,0e+00,0e+00,0e+00,0e+00,0e+00,0e+00,0e+00,0e+00,0e+00,0e+00,0e+00,0e+00,0e+00,0e+00,0e+00,0e+00,0e+00,0e+00,0e+00,0e+00,0e+00
0e+00,0e+00,3e-01,0e+00,0e+00,0e+00,0e+00,0e+00,0e+00,0e+00,0e+00,0e+00,0e+00,0e+00,0e+00,0e+00,0e+00,0e+00,0e+00,0e+00,0e+00,0e+00,0e+00,0e+00,0e+00,0e+00,0e+00,0e+00,0e+00,0e+00,0e+00,0e+00,0e+00,0e+00,0e+00,0e+00
0e+00,0e+00,0e+00,5e-01,0e+00,0e+00,0e+00,0e+00,0e+00,0e+00,0e+00,0e+00,0e+00,0e+00,0e+00,0e+00,0e+00,0e+00,0e+00,0e+00,0e+00,0e+00,0e+00,0e+00,0e+00,0e+00,0e+00,0e+00,0e+00,0e+00,0e+00,0e+00,0e+00,0e+00,0e+00,0e+00
0e+00,0e+00,0e+00,0e+00,5e-01,0e+00,0e+00,0e+00,0e+00,0e+00,0e+00,0e+00,0e+00,0e+00,0e+00,0e+00,0e+00,0e+00,0e+00,0e+00,0e+00,0e+00,0e+00,0e+00,0e+00,0e+00,0e+00,0e+00,0e+00,0e+00,0e+00,0e+00,0e+00,0e+00,0e+00,0e+00
0e+00,0e+00,0e+00,0e+00,0e+00,3e-01,0e+00,0e+00,0e+00,0e+00,0e+00,0e+00,0e+00,0e+00,0e+00,0e+00,0e+00,0e+00,0e+00,0e+00,0e+00,0e+00,0e+00,0e+00,0e+00,0e+00,0e+00,0e+00,0e+00,0e+00,0e+00,0e+00,0e+00,0e+00,0e+00,0e+00
0e+00,0e+00,0e+00,0e+00,0e+00,0e+00,2e-01,0e+00,0e+00,0e+00,0e+00,0e+00,0e+00,0e+00,0e+00,0e+00,0e+00,0e+00,0e+00,0e+00,0e+00,0e+00,0e+00,0e+00,0e+00,0e+00,0e+00,0e+00,0e+00,0e+00,0e+00,0e+00,0e+00,0e+00,0e+00,0e+00
0e+00,0e+00,0e+00,0e+00,0e+00,0e+00,0e+00,2e-01,0e+00,0e+00,0e+00,0e+00,0e+00,0e+00,0e+00,0e+00,0e+00,0e+00,0e+00,0e+00,0e+00,0e+00,0e+00,0e+00,0e+00,0e+00,0e+00,0e+00,0e+00,0e+00,0e+00,0e+00,0e+00,0e+00,0e+00,0e+00
0e+00,0e+00,0e+00,0e+00,0e+00,0e+00,0e+00,0e+00,3e-01,0e+00,0e+00,0e+00,0e+00,0e+00,0e+00,0e+00,0e+00,0e+00,0e+00,0e+00,0e+00,0e+00,0e+00,0e+00,0e+00,0e+00,0e+00,0e+00,0e+00,0e+00,0e+00,0e+00,0e+00,0e+00,0e+00,0e+00
0e+00,0e+00,0e+00,0e+00,0e+00,0e+00,0e+00,0e+00,0e+00,3e-01,0e+00,0e+00,0e+00,0e+00,0e+00,0e+00,0e+00,0e+00,0e+00,0e+00,0e+00,0e+00,0e+00,0e+00,0e+00,0e+00,0e+00,0e+00,0e+00,0e+00,0e+00,0e+00,0e+00,0e+00,0e+00,0e+00
0e+00,0e+00,0e+00,0e+00,0e+00,0e+00,0e+00,0e+00,0e+00,0e+00,3e-01,0e+00,0e+00,0e+00,0e+00,0e+00,0e+00,0e+00,0e+00,0e+00,0e+00,0e+00,0e+00,0e+00,0e+00,0e+00,0e+00,0e+00,0e+00,0e+00,0e+00,0e+00,0e+00,0e+00,0e+00,0e+00
0e+00,0e+00,0e+00,0e+00,0e+00,0e+00,0e+00,0e+00,0e+00,0e+00,0e+00,2e-01,0e+00,0e+00,0e+00,0e+00,0e+00,0e+00,0e+00,0e+00,0e+00,0e+00,0e+00,0e+00,0e+00,0e+00,0e+00,0e+00,0e+00,0e+00,0e+00,0e+00,0e+00,0e+00,0e+00,0e+00
0e+00,0e+00,0e+00,0e+00,0e+00,0e+00,0e+00,0e+00,0e+00,0e+00,0e+00,0e+00,2e-01,0e+00,0e+00,0e+00,0e+00,0e+00,0e+00,0e+00,0e+00,0e+00,0e+00,0e+00,0e+00,0e+00,0e+00,0e+00,0e+00,0e+00,0e+00,0e+00,0e+00,0e+00,0e+00,0e+00
0e+00,0e+00,0e+00,0e+00,0e+00,0e+00,0e+00,0e+00,0e+00,0e+00,0e+00,0e+00,0e+00,2e-01,0e+00,0e+00,0e+00,0e+00,0e+00,0e+00,0e+00,0e+00,0e+00,0e+00,0e+00,0e+00,0e+00,0e+00,0e+00,0e+00,0e+00,0e+00,0e+00,0e+00,0e+00,0e+00
0e+00,0e+00,0e+00,0e+00,0e+00,0e+00,0e+00,0e+00,0e+00,0e+00,0e+00,0e+00,0e+00,0e+00,2e-01,0e+00,0e+00,0e+00,0e+00,0e+00,0e+00,0e+00,0e+00,0e+00,0e+00,0e+00,0e+00,0e+00,0e+00,0e+00,0e+00,0e+00,0e+00,0e+00,0e+00,0e+00
0e+00,0e+00,0e+00,0e+00,0e+00,0e+00,0e+00,0e+00,0e+00,0e+00,0e+00,0e+00,0e+00,0e+00,0e+00,2e-01,0e+00,0e+00,0e+00,0e+00,0e+00,0e+00,0e+00,0e+00,0e+00,0e+00,0e+00,0e+00,0e+00,0e+00,0e+00,0e+00,0e+00,0e+00,0e+00,0e+00
0e+00,0e+00,0e+00,0e+00,0e+00,0e+00,0e+00,0e+00,0e+00,0e+00,0e+00,0e+00,0e+00,0e+00,0e+00,0e+00,3e-01,0e+00,0e+00,0e+00,0e+00,0e+00,0e+00,0e+00,0e+00,0e+00,0e+00,0e+00,0e+00,0e+00,0e+00,0e+00,0e+00,0e+00,0e+00,0e+00
0e+00,0e+00,0e+00,0e+00,0e+00,0e+00,0e+00,0e+00,0e+00,0e+00,0e+00,0e+00,0e+00,0e+00,0e+00,0e+00,0e+00,5e-01,0e+00,0e+00,0e+00,0e+00,0e+00,0e+00,0e+00,0e+00,0e+00,0e+00,0e+00,0e+00,0e+00,0e+00,0e+00,0e+00,0e+00,0e+00
0e+00,0e+00,0e+00,0e+00,0e+00,0e+00,0e+00,0e+00,0e+00,0e+00,0e+00,0e+00,0e+00,0e+00,0e+00,0e+00,0e+00,0e+00,5e-01,0e+00,0e+00,0e+00,0e+00,0e+00,0e+00,0e+00,0e+00,0e+00,0e+00,0e+00,0e+00,0e+00,0e+00,0e+00,0e+00,0e+00
0e+00,0e+00,0e+00,0e+00,0e+00,0e+00,0e+00,0e+00,0e+00,0e+00,0e+00,0e+00,0e+00,0e+00,0e+00,0e+00,0e+00,0e+00,0e+00,5e-01,0e+00,0e+00,0e+00,0e+00,0e+00,0e+00,0e+00,0e+00,0e+00,0e+00,0e+00,0e+00,0e+00,0e+00,0e+00,0e+00
0e+00,0e+00,0e+00,0e+00,0e+00,0e+00,0e+00,0e+00,0e+00,0e+00,0e+00,0e+00,0e+00,0e+00,0e+00,0e+00,0e+00,0e+00,0e+00,0e+00,3e-01,0e+00,0e+00,0e+00,0e+00,0e+00,0e+00,0e+00,0e+00,0e+00,0e+00,0e+00,0e+00,0e+00,0e+00,0e+00
0e+00,0e+00,0e+00,0e+00,0e+00,0e+00,0e+00,0e+00,0e+00,0e+00,0e+00,0e+00,0e+00,0e+00,0e+00,0e+00,0e+00,0e+00,0e+00,0e+00,0e+00,3e-01,0e+00,0e+00,0e+00,0e+00,0e+00,0e+00,0e+00,0e+00,0e+00,0e+00,0e+00,0e+00,0e+00,0e+00
0e+00,0e+00,0e+00,0e+00,0e+00,0e+00,0e+00,0e+00,0e+00,0e+00,0e+00,0e+00,0e+00,0e+00,0e+00,0e+00,0e+00,0e+00,0e+00,0e+00,0e+00,0e+00,2e-01,0e+00,0e+00,0e+00,0e+00,0e+00,0e+00,0e+00,0e+00,0e+00,0e+00,0e+00,0e+00,0e+00
0e+00,0e+00,0e+00,0e+00,0e+00,0e+00,0e+00,0e+00,0e+00,0e+00,0e+00,0e+00,0e+00,0e+00,0e+00,0e+00,0e+00,0e+00,0e+00,0e+00,0e+00,0e+00,0e+00,3e-01,0e+00,0e+00,0e+00,0e+00,0e+00,0e+00,0e+00,0e+00,0e+00,0e+00,0e+00,0e+00
0e+00,0e+00,0e+00,0e+00,0e+00,0e+00,0e+00,0e+00,0e+00,0e+00,0e+00,0e+00,0e+00,0e+00,0e+00,0e+00,0e+00,0e+00,0e+00,0e+00,0e+00,0e+00,0e+00,0e+00,5e-01,0e+00,0e+00,0e+00,0e+00,0e+00,0e+00,0e+00,0e+00,0e+00,0e+00,0e+00
0e+00,0e+00,0e+00,0e+00,0e+00,0e+00,0e+00,0e+00,0e+00,0e+00,0e+00,0e+00,0e+00,0e+00,0e+00,0e+00,0e+00,0e+00,0e+00,0e+00,0e+00,0e+00,0e+00,0e+00,0e+00,5e-01,0e+00,0e+00,0e+00,0e+00,0e+00,0e+00,0e+00,0e+00,0e+00,0e+00
0e+00,0e+00,0e+00,0e+00,0e+00,0e+00,0e+00,0e+00,0e+00,0e+00,0e+00,0e+00,0e+00,0e+00,0e+00,0e+00,0e+00,0e+00,0e+00,0e+00,0e+00,0e+00,0e+00,0e+00,0e+00,0e+00,2e-01,0e+00,0e+00,0e+00,0e+00,0e+00,0e+00,0e+00,0e+00,0e+00
0e+00,0e+00,0e+00,0e+00,0e+00,0e+00,0e+00,0e+00,0e+00,0e+00,0e+00,0e+00,0e+00,0e+00,0e+00,0e+00,0e+00,0e+00,0e+00,0e+00,0e+00,0e+00,0e+00,0e+00,0e+00,0e+00,0e+00,2e-01,0e+00,0e+00,0e+00,0e+00,0e+00,0e+00,0e+00,0e+00
0e+00,0e+00,0e+00,0e+00,0e+00,0e+00,0e+00,0e+00,0e+00,0e+00,0e+00,0e+00,0e+00,0e+00,0e+00,0e+00,0e+00,0e+00,0e+00,0e+00,0e+00,0e+00,0e+00,0e+00,0e+00,0e+00,0e+00,0e+00,2e-01,0e+00,0e+00,0e+00,0e+00,0e+00,0e+00,0e+00
0e+00,0e+00,0e+00,0e+00,0e+00,0e+00,0e+00,0e+00,0e+00,0e+00,0e+00,0e+00,0e+00,0e+00,0e+00,0e+00,0e+00,0e+00,0e+00,0e+00,0e+00,0e+00,0e+00,0e+00,0e+00,0e+00,0e+00,0e+00,0e+00,2e-01,0e+00,0e+00,0e+00,0e+00,0e+00,0e+00
0e+00,0e+00,0e+00,0e+00,0e+00,0e+00,0e+00,0e+00,0e+00,0e+00,0e+00,0e+00,0e+00,0e+00,0e+00,0e+00,0e+00,0e+00,0e+00,0e+00,0e+00,0e+00,0e+00,0e+00,0e+00,0e+00,0e+00,0e+00,0e+00,0e+00,2e-01,0e+00,0e+00,0e+00,0e+00,0e+00
0e+00,0e+00,0e+00,0e+00,0e+00,0e+00,0e+00,0e+00,0e+00,0e+00,0e+00,0e+00,0e+00,0e+00,0e+00,0e+00,0e+00,0e+00,0e+00,0e+00,0e+00,0e+00,0e+00,0e+00,0e+00,0e+00,0e+00,0e+00,0e+00,0e+00,0e+00,3e-01,0e+00,0e+00,0e+00,0e+00
0e+00,0e+00,0e+00,0e+00,0e+00,0e+00,0e+00,0e+00,0e+00,0e+00,0e+00,0e+00,0e+00,0e+00,0e+00,0e+00,0e+00,0e+00,0e+00,0e+00,0e+00,0e+00,0e+00,0e+00,0e+00,0e+00,0e+00,0e+00,0e+00,0e+00,0e+00,0e+00,3e-01,0e+00,0e+00,0e+00
0e+00,0e+00,0e+00,0e+00,0e+00,0e+00,0e+00,0e+00,0e+00,0e+00,0e+00,0e+00,0e+00,0e+00,0e+00,0e+00,0e+00,0e+00,0e+00,0e+00,0e+00,0e+00,0e+00,0e+00,0e+00,0e+00,0e+00,0e+00,0e+00,0e+00,0e+00,0e+00,0e+00,5e-01,0e+00,0e+00
0e+00,0e+00,0e+00,0e+00,0e+00,0e+00,0e+00,0e+00,0e+00,0e+00,0e+00,0e+00,0e+00,0e+00,0e+00,0e+00,0e+00,0e+00,0e+00,0e+00,0e+00,0e+00,0e+00,0e+00,0e+00,0e+00,0e+00,0e+00,0e+00,0e+00,0e+00,0e+00,0e+00,0e+00,5e-01,0e+00
0e+00,0e+00,0e+00,0e+00,0e+00,0e+00,0e+00,0e+00,0e+00,0e+00,0e+00,0e+00,0e+00,0e+00,0e+00,0e+00,0e+00,0e+00,0e+00,0e+00,0e+00,0e+00,0e+00,0e+00,0e+00,0e+00,0e+00,0e+00,0e+00,0e+00,0e+00,0e+00,0e+00,0e+00,0e+00,0e+00
